COSMOS 1408 DEB         
1 50032U 82092RU  26147.53654977  .00005289  00000+0  10179-3 0  9991
2 50032  82.5636 248.3095 0014374 336.0024  24.0554 15.47508681251665
COSMOS 1408 DEB         
1 50058U 82092SW  26147.28849479  .00071765  00000+0  40499-3 0  9994
2 50058  82.6093 254.2153 0011662 190.9300 169.1715 15.78809871254036
COSMOS 1408 DEB         
1 50404U 82092ADS 26147.14192741  .01368075  00000+0  55119-2 0  9995
2 50404  82.1737  39.5100 0025718 330.1649  29.8151 15.83220011237337
COSMOS 1408 DEB         
1 50621U 82092ALR 26147.33579686  .00043254  00000+0  39167-3 0  9998
2 50621  82.5660 260.3293 0021006 252.9060 106.9900 15.67575459248352
