IRIDIUM 33              
1 24946U 97051C   26147.58438763  .00000267  00000+0  86514-4 0  9993
2 24946  86.3881 358.6079 0009306  44.7260 315.4686 14.35140148502135
IRIDIUM 33 DEB          
1 33773U 97051L   26147.60327903  .00000855  00000+0  24621-3 0  9990
2 33773  86.4014 350.2983 0010126 335.8200  24.2525 14.43616233907402
IRIDIUM 33 DEB          
1 33775U 97051N   26147.59021716  .00001445  00000+0  43486-3 0  9999
2 33775  86.3625 338.7377 0012114 343.9257  82.7218 14.41965685905301
IRIDIUM 33 DEB          
1 33776U 97051P   26147.64991095  .00000617  00000+0  19539-3 0  9994
2 33776  86.4056  11.0773 0015294  21.3312  32.4808 14.38515137904678
IRIDIUM 33 DEB          
1 33777U 97051Q   26147.50382124  .00004023  00000+0  89581-3 0  9996
2 33777  86.3766 323.0433 0008805  68.6340 291.5807 14.56705495909467
IRIDIUM 33 DEB          
1 33850U 97051T   26147.51232539  .00001410  00000+0  41820-3 0  9994
2 33850  86.3396 318.8898 0010824 354.1831  67.9869 14.42645849905423
IRIDIUM 33 DEB          
1 33853U 97051W   26147.36226192  .00001203  00000+0  66715-3 0  9998
2 33853  85.9971 277.1336 0210013  88.6271 302.4448 13.99817867876624
IRIDIUM 33 DEB          
1 33860U 97051AD  26147.47624199  .00008033  00000+0  13364-2 0  9996
2 33860  86.3803 313.7154 0010712 123.3900 290.6261 14.69944109911557
IRIDIUM 33 DEB          
1 33862U 97051AF  26147.50062707  .00008543  00000+0  12980-2 0  9992
2 33862  86.4076 324.2098 0047090 211.2715 202.4270 14.73171852912617
IRIDIUM 33 DEB          
1 33866U 97051AK  26147.61639063  .00003535  00000+0  13712-2 0  9993
2 33866  86.3028  22.7966 0114287 349.7730  38.4123 14.26206643891747
IRIDIUM 33 DEB          
1 33870U 97051AP  26147.59253083  .00001960  00000+0  53563-3 0  9998
2 33870  86.3747 347.1324 0020556 358.0580  61.7946 14.46721916905344
IRIDIUM 33 DEB          
1 33881U 97051BA  26147.16668597  .00013868  00000+0  27356-2 0  9993
2 33881  86.3855  34.5301 0058276 339.4127 173.3733 14.61301648899123
IRIDIUM 33 DEB          
1 33884U 97051BD  26147.43997786  .00018705  00000+0  23290-2 0  9999
2 33884  86.3649 294.7065 0012935  95.4436 322.8188 14.82340706912984
IRIDIUM 33 DEB          
1 33886U 97051BF  26147.63342219  .00000484  00000+0  15885-3 0  9995
2 33886  86.3842 357.3999 0016058  67.1507 354.9372 14.36242233904334
IRIDIUM 33 DEB          
1 33887U 97051BG  26147.44222953  .00000459  00000+0  14706-3 0  9990
2 33887  86.3016 291.9872 0008123  67.4039 350.9199 14.37380168905456
IRIDIUM 33 DEB          
1 33953U 97051BN  26147.58251198  .00003813  00000+0  84311-3 0  9998
2 33953  86.3855 341.7181 0013736 259.6993 161.8242 14.56982871907177
IRIDIUM 33 DEB          
1 33960U 97051BV  26147.23732720  .00019171  00000+0  18143-2 0  9996
2 33960  86.2565 210.9091 0004250 143.5850 283.3797 14.93543211913313
IRIDIUM 33 DEB          
1 33966U 97051CB  26147.58681728  .00001735  00000+0  44013-3 0  9994
2 33966  86.3912 334.8323 0008185  25.5328  41.5077 14.50305744908454
IRIDIUM 33 DEB          
1 34071U 97051CE  26147.49882964  .00002094  00000+0  53273-3 0  9994
2 34071  86.3423 305.7405 0005255 276.0157  84.0448 14.50284727907365
IRIDIUM 33 DEB          
1 34077U 97051CL  26147.51380384  .00008062  00000+0  14122-2 0  9992
2 34077  86.3849 338.3097 0009744 163.5027 226.2694 14.67678820907626
IRIDIUM 33 DEB          
1 34079U 97051CN  26147.42563903  .00019232  00000+0  20391-2 0  9990
2 34079  86.3718 292.9231 0008437 114.9237 298.9208 14.88972307914398
IRIDIUM 33 DEB          
1 34088U 97051CX  26147.49589880  .00039835  00000+0  29811-2 0  9996
2 34088  86.3787 313.8240 0002102 342.7836  75.3341 15.02565086912220
IRIDIUM 33 DEB          
1 34091U 97051DA  26147.57750967  .00026377  00000+0  24342-2 0  9996
2 34091  86.3491 350.0850 0030812  67.4518 292.9967 14.94151541903344
IRIDIUM 33 DEB          
1 34097U 97051DG  26147.42422028  .00005133  00000+0  16941-2 0  9993
2 34097  86.1957 288.1819 0081793 178.5405 181.6047 14.36012625894969
IRIDIUM 33 DEB          
1 34145U 97051DY  26147.27065517  .00003431  00000+0  99377-3 0  9990
2 34145  86.2098 258.6946 0049826 267.1386  92.4111 14.43513801900258
IRIDIUM 33 DEB          
1 34146U 97051DZ  26147.62037289  .00003012  00000+0  76770-3 0  9992
2 34146  86.2802 276.4431 0027255  37.3335 333.8318 14.50090466905107
IRIDIUM 33 DEB          
1 34159U 97051EN  26147.54097446  .00001104  00000+0  35032-3 0  9994
2 34159  86.3503 337.5467 0029957 102.0634 258.3924 14.38911818903438
IRIDIUM 33 DEB          
1 34350U 97051ES  26147.44627937  .00001137  00000+0  31408-3 0  9999
2 34350  86.3247 290.8796 0019136 313.0001 111.9325 14.45843985906879
IRIDIUM 33 DEB          
1 34366U 97051FJ  26147.56792016  .00004616  00000+0  10518-2 0  9993
2 34366  86.3677 337.0996 0018387 306.3078 111.8408 14.55593901905933
IRIDIUM 33 DEB          
1 34375U 97051FT  26147.37995949  .00001008  00000+0  45766-3 0  9998
2 34375  86.4283 115.9306 0100252 321.9856 192.0840 14.18309331890592
IRIDIUM 33 DEB          
1 34376U 97051FU  26147.39696712  .00011014  00000+0  20127-2 0  9998
2 34376  86.2924 291.8341 0023050 329.9577  30.0312 14.65662209904313
IRIDIUM 33 DEB          
1 34486U 97051GB  26147.39989868  .00043298  00000+0  29230-2 0  9990
2 34486  86.3835 294.8339 0007434 217.5888 197.7222 15.06396514914728
IRIDIUM 33 DEB          
1 34487U 97051GC  26147.40072429  .00000645  00000+0  18435-3 0  9994
2 34487  86.3404 301.0538 0028968 304.8936  84.8918 14.43464566906386
IRIDIUM 33 DEB          
1 34492U 97051GH  26147.32719956  .00005300  00000+0  17419-2 0  9997
2 34492  86.4681 267.4975 0182574  65.8891 323.7262 14.29051832874213
IRIDIUM 33 DEB          
1 34497U 97051GN  26147.53809856  .00001621  00000+0  62409-3 0  9996
2 34497  86.2778 341.5583 0079821 162.4113 254.4168 14.28030223892498
IRIDIUM 33 DEB          
1 34508U 97051GZ  26147.16890384  .00003429  00000+0  10661-2 0  9994
2 34508  86.3721  32.4071 0064463 352.3365   7.6842 14.39588522896889
IRIDIUM 33 DEB          
1 34521U 97051HN  26147.47397950  .00007696  00000+0  14153-2 0  9994
2 34521  86.3765 317.4537 0005247  73.6860 286.4930 14.65525303908980
IRIDIUM 33 DEB          
1 34525U 97051HS  26147.54510360  .00001080  00000+0  31485-3 0  9997
2 34525  86.3719 336.0698 0002243 258.9751 155.2267 14.43331091904794
IRIDIUM 33 DEB          
1 34529U 97051HW  26147.48571488  .00000705  00000+0  21389-3 0  9997
2 34529  86.3619 324.7659 0005909  37.7271 322.4342 14.40828166905288
IRIDIUM 33 DEB          
1 34538U 97051JF  26147.45409374  .00002620  00000+0  76139-3 0  9999
2 34538  86.2733 292.9104 0035738 134.8669 292.8640 14.43601828901462
IRIDIUM 33 DEB          
1 34540U 97051JH  26146.68359134  .00008606  00000+0  11634-2 0  9992
2 34540  86.3112 231.9441 0012300 319.5972 165.3236 14.78881592914569
IRIDIUM 33 DEB          
1 34648U 97051JZ  26147.16049339  .00008802  00000+0  39257-2 0  9997
2 34648  86.3954 215.0043 0179575 136.2741 225.2830 14.14445841872976
IRIDIUM 33 DEB          
1 34651U 97051KC  26147.21885991  .00009948  00000+0  35986-2 0  9996
2 34651  86.2780  69.9561 0138439  31.6443 329.2978 14.28176346882568
IRIDIUM 33 DEB          
1 34652U 97051KD  26147.09365948  .00004319  00000+0  82355-3 0  9998
2 34652  86.3285 266.2666 0029987  92.7388  32.0292 14.63516210909016
IRIDIUM 33 DEB          
1 34690U 97051KM  26147.46457611  .00003601  00000+0  81776-3 0  9999
2 34690  86.3765 324.9387 0010747 162.4377 227.1843 14.55756285905058
IRIDIUM 33 DEB          
1 34696U 97051KT  26147.41536635  .00027683  00000+0  38827-2 0  9998
2 34696  86.1808 309.6493 0055618 316.4739  72.8421 14.76265062891093
IRIDIUM 33 DEB          
1 34765U 97051LJ  26146.95227148  .00001111  00000+0  33970-3 0  9992
2 34765  86.3371 321.8618 0017605  40.4529 112.9007 14.40917084899922
IRIDIUM 33 DEB          
1 34833U 97051MH  26147.51877843  .00002494  00000+0  59315-3 0  9990
2 34833  86.3926 339.5020 0017078 259.2870 158.0395 14.53443036901223
IRIDIUM 33 DEB          
1 34870U 97051MQ  26146.24001117  .00008554  00000+0  11313-2 0  9991
2 34870  86.3107 238.5004 0013974 347.6235  42.1640 14.79788347913418
IRIDIUM 33 DEB          
1 34896U 97051MY  26144.57764907  .00003137  00000+0  54213-3 0  9995
2 34896  86.3279 253.5298 0025522  25.5406 349.5917 14.67906761900070
IRIDIUM 33 DEB          
1 34926U 97051NF  26147.37977459  .00022722  00000+0  43720-2 0  9999
2 34926  86.1300 290.9673 0073173  94.5900 295.8032 14.61760322888711
IRIDIUM 33 DEB          
1 34985U 97051NR  26146.32233512  .00001548  00000+0  45786-3 0  9991
2 34985  86.3694 346.6447 0022781  45.1539 136.1004 14.42732540895478
IRIDIUM 33 DEB          
1 35051U 97051NX  26146.83554943  .00001975  00000+0  52249-3 0  9992
2 35051  86.3210 296.8577 0006213 252.2035 107.8491 14.48382779893857
IRIDIUM 33 DEB          
1 35052U 97051NY  26146.42791954  .00000535  00000+0  16788-3 0  9992
2 35052  86.3280 309.8789 0009307 260.7568  99.2577 14.38702246896437
IRIDIUM 33 DEB          
1 35080U 97051PF  26147.49549116  .00200087  00000+0  87044-2 0  9998
2 35080  86.2200 331.1518 0028556 290.5893  69.2288 15.21025220721779
IRIDIUM 33 DEB          
1 35297U 97051PM  26142.33254584  .00001189  00000+0  32900-3 0  9992
2 35297  86.3871 354.1924 0014930 339.3865  20.6733 14.45876781727461
IRIDIUM 33 DEB          
1 35299U 97051PP  26147.44291303  .00004454  00000+0  13234-2 0  9997
2 35299  86.2869 320.9759 0053267 275.6635 113.4044 14.42227036887181
IRIDIUM 33 DEB          
1 35480U 97051QA  26145.74322425  .00001731  00000+0  43638-3 0  9997
2 35480  86.3533 313.7744 0011401 278.1945  81.7967 14.50568606894080
IRIDIUM 33 DEB          
1 35484U 97051QE  26146.08759695  .00050126  00000+0  27658-2 0  9997
2 35484  86.3434 274.7401 0013272 235.7495 124.2488 15.13667431644908
IRIDIUM 33 DEB          
1 35488U 97051QJ  26147.16167867  .00009884  00000+0  11003-2 0  9997
2 35488  86.3258 224.3535 0026525 167.7685 192.4190 14.86752327907216
IRIDIUM 33 DEB          
1 35616U 97051QN  26146.06483944  .00013529  00000+0  15244-2 0  9997
2 35616  86.3506 270.4199 0006416 328.2332  31.8505 14.86517413900127
IRIDIUM 33 DEB          
1 35618U 97051QQ  26144.11884303  .00001297  00000+0  30813-3 0  9996
2 35618  86.3379 282.4435 0028336 188.3947 171.6790 14.52953708677512
IRIDIUM 33 DEB          
1 35620U 97051QS  26145.44802890  .00007053  00000+0  19257-2 0  9991
2 35620  86.3895 148.2230 0138292  80.0039 281.6735 14.41635135623222
IRIDIUM 33 DEB          
1 35622U 97051QU  26146.37494102  .00081352  00000+0  35728-2 0  9994
2 35622  86.1887 181.2287 0005766  57.1061 315.9323 15.21572235898500
IRIDIUM 33 DEB          
1 35625U 97051QX  26145.73330168  .00002818  00000+0  98768-3 0  9991
2 35625  86.1872 311.0732 0104380  31.2135 349.0863 14.31738347683868
IRIDIUM 33 DEB          
1 35628U 97051RA  26147.16781830  .00008796  00000+0  14554-2 0  9990
2 35628  86.3532 295.1217 0013480 118.8125 241.4446 14.70165628888753
IRIDIUM 33 DEB          
1 35631U 97051RD  26146.90163147  .00000897  00000+0  23710-3 0  9999
2 35631  86.3638 309.8453 0014827 293.3725 219.2954 14.47772528895864
IRIDIUM 33 DEB          
1 35680U 97051RJ  26142.72843872  .00003416  00000+0  13417-2 0  9991
2 35680  86.0997 310.1225 0150933 126.1890 252.6948 14.22992304629891
IRIDIUM 33 DEB          
1 35744U 97051RX  26147.02739569  .00006111  00000+0  93887-3 0  9992
2 35744  86.3279 250.5752 0018954 354.2356   5.8640 14.73297276897635
IRIDIUM 33 DEB          
1 35797U 97051SF  26147.02787663  .00014385  00000+0  15767-2 0  9990
2 35797  86.3333 253.6775 0008008 296.5626  63.4778 14.87635869897945
IRIDIUM 33 DEB          
1 35806U 97051SQ  26143.72893417  .00003354  00000+0  70842-3 0  9999
2 35806  86.3399 309.1987 0011774 235.8366 124.1727 14.59074416886852
IRIDIUM 33 DEB          
1 35809U 97051ST  26144.04411018  .00007290  00000+0  97542-3 0  9990
2 35809  86.3249 261.1750 0012456  54.5409 305.6972 14.79299580892045
IRIDIUM 33 DEB          
1 35846U 97051SW  26147.51086203  .00001359  00000+0  39292-3 0  9998
2 35846  86.3748 348.0754 0017628 353.7952   6.3028 14.43798680737201
IRIDIUM 33 DEB          
1 35848U 97051SY  26144.17702129  .00008482  00000+0  10485-2 0  9997
2 35848  86.3860 302.8074 0007089  15.0484 345.0948 14.82669417690940
IRIDIUM 33 DEB          
1 35850U 97051TA  26146.05603159  .00009829  00000+0  12104-2 0  9998
2 35850  86.3455 269.2023 0007598 359.8350   0.2869 14.82837061737899
IRIDIUM 33 DEB          
1 35915U 97051TY  26144.60526855  .00010203  00000+0  11819-2 0  9996
2 35915  86.3401 268.2024 0008886 359.5139   0.6075 14.85360435105009
IRIDIUM 33 DEB          
1 35918U 97051UB  26145.36057834  .00002897  00000+0  70045-3 0  9996
2 35918  86.4029   5.5061 0025678 348.5067 185.3596 14.52603115875819
IRIDIUM 33 DEB          
1 35929U 97051UN  26146.51877057  .00045588  00000+0  23565-2 0  9991
2 35929  86.3409 233.7772 0015717 138.7169 221.5264 15.15971351902659
IRIDIUM 33 DEB          
1 36011U 97051US  26147.28076483  .00001438  00000+0  43286-3 0  9992
2 36011  86.3398 324.3130 0020091  40.8370  85.5606 14.41867291669251
IRIDIUM 33 DEB          
1 36012U 97051UT  26146.57475843  .00002727  00000+0  97023-3 0  9997
2 36012  86.4393 240.9106 0221407  96.9321 265.7107 14.21171603678246
IRIDIUM 33 DEB          
1 36028U 97051VK  26147.48843467  .00030257  00000+0  21668-2 0  9996
2 36028  86.3193 228.1440 0017152 157.4911 202.7080 15.04147633896091
IRIDIUM 33 DEB          
1 36080U 97051VM  26145.14722643  .00001558  00000+0  41990-3 0  9990
2 36080  86.3148 296.7468 0016344 346.5826  13.4940 14.47295020497772
IRIDIUM 33 DEB          
1 36083U 97051VQ  26147.25125509  .00001649  00000+0  47627-3 0  9999
2 36083  86.3419 322.8820 0027734  42.8052 317.5302 14.43841709878377
IRIDIUM 33 DEB          
1 36390U 97051VU  26146.49343775  .00004260  00000+0  61445-3 0  9998
2 36390  86.2918 223.7123 0026700 320.5389  39.3884 14.75821669686905
IRIDIUM 33 DEB          
1 36483U 97051VZ  26143.81119606  .00000994  00000+0  27137-3 0  9998
2 36483  86.3798 343.1026 0007705 323.6335  36.4343 14.46407292674885
IRIDIUM 33 DEB          
1 36490U 97051WG  26147.66268618  .00014017  00000+0  18336-2 0  9992
2 36490  86.3617 295.3355 0003549 163.7969 196.3367 14.80336528889368
IRIDIUM 33 DEB          
1 36493U 97051WK  26145.68911908  .00005652  00000+0  99270-3 0  9994
2 36493  86.3535 298.6907 0012036 140.7948 219.4141 14.67500574769219
IRIDIUM 33 DEB          
1 36497U 97051WP  26144.34946032  .00004711  00000+0  84789-3 0  9990
2 36497  86.1568 177.8712 0042322 286.2029  73.4529 14.65835322680328
IRIDIUM 33 DEB          
1 37548U 97051XH  26146.25658083  .00002819  00000+0  68268-3 0  9997
2 37548  86.3500 331.7114 0024627   6.6073 353.5453 14.52538436679195
IRIDIUM 33 DEB          
1 37550U 97051XK  26146.16275731  .00007163  00000+0  11990-2 0  9991
2 37550  86.3747 310.8477 0000861 234.2052 125.9084 14.69701718887466
IRIDIUM 33 DEB          
1 37562U 97051XX  26139.85037218  .00002436  00000+0  52337-3 0  9997
2 37562  86.3736 334.5809 0021665 294.7634 129.0322 14.58073507886310
IRIDIUM 33 DEB          
1 38017U 97051YD  26147.12633802  .00007869  00000+0  18360-2 0  9995
2 38017  86.3326  94.0033 0076893 277.7027  81.5452 14.52829991638016
IRIDIUM 33 DEB          
1 38022U 97051YJ  26140.20446783  .00001977  00000+0  58496-3 0  9992
2 38022  86.2653 306.9764 0042396 243.6540 116.0304 14.42491865714775
IRIDIUM 33 DEB          
1 38028U 97051YQ  26143.14386668  .00000939  00000+0  25373-3 0  9994
2 38028  86.3226 290.0762 0025883 309.3426  50.5483 14.46662691678280
IRIDIUM 33 DEB          
1 38228U 97051ZC  26140.82392587  .00000521  00000+0  19965-3 0  9992
2 38228  86.2944 340.8424 0065083  39.8820 337.5074 14.27558088870513
IRIDIUM 33 DEB          
1 38241U 97051ZR  26146.09172430  .00002413  00000+0  54483-3 0  9991
2 38241  86.3200 278.0137 0002921 182.9715 177.1476 14.55927612625912
IRIDIUM 33 DEB          
1 38474U 97051AAB 26146.14324917  .00001784  00000+0  44046-3 0  9998
2 38474  86.3398 298.3786 0022152 253.9091 105.9675 14.51454954677026
IRIDIUM 33 DEB          
1 38477U 97051AAE 26147.14669416  .00002877  00000+0  21793-2 0  9995
2 38477  86.4127  44.3450 0398777 116.7833 247.4697 13.61928890569285
IRIDIUM 33 DEB          
1 39777U 97051AAJ 26147.13118229  .00015776  00000+0  31506-2 0  9994
2 39777  85.9581  94.4613 0057307 350.6620   9.3518 14.60774360625964
IRIDIUM 33 DEB          
1 39778U 97051AAK 26146.48502575  .00003490  00000+0  79526-3 0  9998
2 39778  86.3771 331.6446 0007208 171.3093 188.8240 14.55611252630884
IRIDIUM 33 DEB          
1 39781U 97051AAN 26145.86326544  .00012412  00000+0  45240-2 0  9992
2 39781  86.3795 190.1936 0176383 108.4500  67.3759 14.24716217104404
IRIDIUM 33 DEB          
1 40996U 97051ABJ 26147.35359586  .00062050  00000+0  37307-2 0  9998
2 40996  86.3455 283.0725 0006910 154.9576 234.4460 15.10571978649771
IRIDIUM 33 DEB          
1 40998U 97051ABL 26140.33982558  .00000856  00000+0  23647-3 0  9991
2 40998  86.3829 345.8930 0005218 275.0769 265.1408 14.45672573 89728
IRIDIUM 33 DEB          
1 46435U 97051ABN 26143.70013675  .00007991  00000+0  20218-2 0  9999
2 46435  86.2769 123.7717 0205199 103.0529  73.1918 14.38884647102416
IRIDIUM 33 DEB          
1 46734U 97051ABR 26145.68154269  .00002823  00000+0  82974-3 0  9992
2 46734  86.2604 290.8171 0041035 148.9173 227.0007 14.42955232653746
IRIDIUM 33 DEB          
1 46965U 97051ABX 26144.09407182  .00002417  00000+0  48194-3 0  9992
2 46965  86.3326 268.6008 0021157 130.6129  45.8699 14.61472413646389
IRIDIUM 33 DEB          
1 46972U 97051ACE 26121.35695721  .00001883  00000+0  46759-3 0  9993
2 46972  86.3872 339.2922 0009359  13.6253 111.5367 14.51350828635971
IRIDIUM 33 DEB          
1 46974U 97051ACG 26145.40916163  .00009286  00000+0  23719-2 0  9998
2 46974  86.2999  33.5759 0090891   4.5129 355.6871 14.47921367598747
